mat = [0 1 2 3; 4 5 6 7; 8 9 10 11; 12 13 14 15]
mat(:, 3)
mat(2, :)
mat(3,1)
mat(1:2, 1:2)